F:\CODES\keras-yolo3/VOCdevkit/VOC2003/JPEGImages/000000.jpg 1020,983,1651,1127,0 1026,2552,1657,2677,1 3689,983,4332,1095,0
F:\CODES\keras-yolo3/VOCdevkit/VOC2003/JPEGImages/000001.jpg 1014,1058,1645,1189,0 3657,958,4289,1102,0 1039,2577,1726,2720,1 3702,2483,4352,2626,1
F:\CODES\keras-yolo3/VOCdevkit/VOC2003/JPEGImages/000002.jpg 982,995,1620,1139,0 3664,989,4270,1127,0 970,2533,1626,2677,1 3626,2515,4282,2646,1
F:\CODES\keras-yolo3/VOCdevkit/VOC2003/JPEGImages/000003.jpg 1195,977,1839,1083,0 3851,958,4482,1070,0 1189,2502,1857,2652,1 3833,2482,4508,2645,1
F:\CODES\keras-yolo3/VOCdevkit/VOC2003/JPEGImages/000004.jpg 826,1014,1457,1145,0 3464,889,4114,1039,0 864,2539,1533,2664,1 3520,2458,4132,2576,1
F:\CODES\keras-yolo3/VOCdevkit/VOC2003/JPEGImages/000005.jpg 920,952,1564,1095,0 3564,958,4214,1083,0 920,2502,1570,2620,1 3570,2483,4201,2614,1
F:\CODES\keras-yolo3/VOCdevkit/VOC2003/JPEGImages/000006.jpg 1101,876,1745,1014,0 3757,820,4407,964,0 1132,2427,1776,2552,1 3789,2390,4439,2521,1
F:\CODES\keras-yolo3/VOCdevkit/VOC2003/JPEGImages/000007.jpg 1353,908,1984,1040,0 4014,852,4657,1002,0 1401,2439,2026,2583,1 4051,2402,4682,2527,1
F:\CODES\keras-yolo3/VOCdevkit/VOC2003/JPEGImages/000008.jpg 1214,901,1852,1026,0 3864,858,4501,989,0 1232,2452,1889,2595,1 3889,2396,4520,2552,1
F:\CODES\keras-yolo3/VOCdevkit/VOC2003/JPEGImages/000009.jpg 970,926,1607,1070,0 3639,889,4289,1020,0 995,2452,1645,2614,1 3664,2420,4307,2570,1
F:\CODES\keras-yolo3/VOCdevkit/VOC2003/JPEGImages/000010.jpg 976,958,1614,1089,0 3657,889,4301,1045,0 1014,2495,1670,2614,1 3696,2421,4314,2571,1
F:\CODES\keras-yolo3/VOCdevkit/VOC2003/JPEGImages/000011.jpg 1270,977,1889,1121,0 3932,920,4589,1051,0 1301,2502,1932,2639,1 3964,2445,4595,2602,1
F:\CODES\keras-yolo3/VOCdevkit/VOC2003/JPEGImages/000012.jpg 1189,895,1820,1039,0 3864,845,4489,1002,0 1201,2452,1882,2608,1 3889,2402,4532,2552,1
F:\CODES\keras-yolo3/VOCdevkit/VOC2003/JPEGImages/000013.jpg 945,926,1551,1051,0 3595,877,4232,1008,0 964,2439,1595,2577,1 3644,2396,4257,2552,1
F:\CODES\keras-yolo3/VOCdevkit/VOC2003/JPEGImages/000014.jpg 1020,933,1626,1064,0 3688,870,4319,1020,0 1051,2452,1682,2589,1 3720,2420,4339,2558,1
F:\CODES\keras-yolo3/VOCdevkit/VOC2003/JPEGImages/000015.jpg 839,833,1458,964,0 3489,814,4132,951,0 851,2383,1489,2527,1 3495,2358,4170,2508,1
F:\CODES\keras-yolo3/VOCdevkit/VOC2003/JPEGImages/000016.jpg 896,864,1533,989,0 3570,840,4182,971,0 901,2402,1557,2539,1 3595,2377,4195,2545,1
F:\CODES\keras-yolo3/VOCdevkit/VOC2003/JPEGImages/000017.jpg 1170,883,1801,1008,0 3833,839,4470,989,0 1189,2408,1832,2570,1 3870,2377,4476,2514,1
F:\CODES\keras-yolo3/VOCdevkit/VOC2003/JPEGImages/000018.jpg 970,895,1607,1052,0 3645,802,4295,945,0 1020,2445,1676,2588,1 3701,2370,4332,2489,1
F:\CODES\keras-yolo3/VOCdevkit/VOC2003/JPEGImages/000019.jpg 1045,927,1651,1052,0 3714,833,4339,983,0 1089,2457,1726,2620,1 3744,2370,4388,2526,1
F:\CODES\keras-yolo3/VOCdevkit/VOC2003/JPEGImages/000020.jpg 1164,945,1776,1077,0 3839,846,4464,989,0 1213,2458,1851,2601,1 3864,2358,4502,2508,1
F:\CODES\keras-yolo3/VOCdevkit/VOC2003/JPEGImages/000021.jpg 726,883,1370,1014,0 3389,802,4045,958,0 764,2415,1401,2577,1 3414,2364,4057,2502,1
F:\CODES\keras-yolo3/VOCdevkit/VOC2003/JPEGImages/000022.jpg 1064,902,1689,1058,0 3701,845,4357,995,0 1101,2446,1714,2577,1 3764,2389,4357,2527,1
F:\CODES\keras-yolo3/VOCdevkit/VOC2003/JPEGImages/000023.jpg 914,902,1539,1033,0 3570,852,4214,970,0 964,2439,1583,2577,1 3613,2376,4219,2532,1
F:\CODES\keras-yolo3/VOCdevkit/VOC2003/JPEGImages/000024.jpg 839,939,1495,1064,0 3514,939,4152,1064,0 870,2476,1501,2639,1 3538,2458,4145,2633,1
F:\CODES\keras-yolo3/VOCdevkit/VOC2003/JPEGImages/000025.jpg 957,958,1582,1089,0 3620,946,4258,1089,0 976,2509,1595,2640,1 3632,2489,4245,2621,1
F:\CODES\keras-yolo3/VOCdevkit/VOC2003/JPEGImages/000026.jpg 1138,983,1788,1114,0 3795,958,4426,1102,0 1176,2520,1801,2645,1 3826,2495,4426,2639,1
F:\CODES\keras-yolo3/VOCdevkit/VOC2003/JPEGImages/000027.jpg 1026,864,1701,1008,0 3682,839,4357,989,0 1051,2420,1689,2570,1 3739,2395,4345,2552,1
F:\CODES\keras-yolo3/VOCdevkit/VOC2003/JPEGImages/000028.jpg 1095,870,1726,1014,0 3751,877,4407,1020,0 1120,2428,1745,2552,1 3776,2427,4395,2545,1
F:\CODES\keras-yolo3/VOCdevkit/VOC2003/JPEGImages/000029.jpg 1107,889,1732,1027,0 3757,877,4414,1020,0 1119,2421,1757,2546,1 3789,2421,4395,2546,1
